1 28
2 4
3 9
4 15
5 11
6 5
7 16
8 12
9 3
10 20
11 5
12 34
13 1
14 19
15 6
16 1
17 40
18 11
19 39
20 5
21 35
22 35
23 10
24 12
25 10
26 12
27 11
28 26
29 2
30 12
31 7
32 3
33 4
34 18
35 8
36 3
37 5
38 11
39 10
40 2
41 18
42 41
43 7
44 12
45 39
46 18
47 12
48 2
49 1
50 27
51 7
52 4
53 7
54 11
55 24
56 12
57 8
58 32
59 1
60 3
61 16
62 7
63 19
64 6
65 19
66 26
67 4
68 3
69 3
70 56
71 5
72 4
73 27
74 63
75 5
76 9
77 10
78 15
79 5
80 20
81 4
82 4
83 3
84 19
85 13
86 26
87 27
88 3
89 15
90 1
91 41
92 2
93 9
94 6
95 3
96 7
97 20
98 5
99 9
100 10
101 14
102 7
103 45
104 8
105 24
106 17
107 2
108 9
109 3
110 41
111 24
112 11
113 12
114 7
115 6
116 15
117 8
118 16
119 5
120 3
121 1
122 10
123 1
124 1
125 1
126 1
127 17
128 8
129 5
130 8
131 11
132 5
133 12
134 8
135 13
136 1
137 5
138 5
139 14
140 3
141 13
142 10
143 1
144 7
145 9
146 4
147 5
148 16
149 1
150 20
151 4
152 14
153 6
154 10
155 6
156 56
157 2
158 13
159 20
160 24
161 1
162 2
163 3
164 8
165 4
166 5
167 9
168 8
169 4
170 29
171 6
172 19
173 21
174 34
175 3
176 21
177 7
178 71
179 43
180 17
181 20
182 29
183 8
184 2
185 4
186 38
187 3
188 29
189 95
190 14
191 30
192 5
193 19
194 4
195 28
196 15
197 28
198 6
199 3
200 2
201 14
202 5
203 7
204 10
205 2
206 30
207 4
208 30
209 5
210 8
211 35
212 16
213 17
214 16
215 10
216 8
217 8
218 18
219 26
220 8
221 21
222 26
223 25
224 2
225 4
226 3
227 1
228 34
229 15
230 23
231 67
232 5
233 15
234 5
235 11
236 1
237 5
238 6
239 7
240 14
241 8
242 10
243 1
244 6
245 20
246 31
247 59
248 3
249 7
250 6
251 22
252 10
253 3
254 3
255 14
256 16
257 18
258 35
259 13
260 8
261 1
262 9
263 11
264 51
265 6
266 8
267 14
268 9
269 10
270 9
271 6
272 8
273 68
274 7
275 37
276 24
277 3
278 16
279 4
280 61
281 4
282 33
283 10
284 1
285 1
286 10
287 4
288 4
289 16
290 12
291 14
292 1
293 6
294 6
295 7
296 2
297 5
298 11
299 6
300 3
301 1
302 23
303 6
304 6
305 3
306 1
307 33
308 15
309 3
310 4
311 53
312 4
313 4
314 17
315 4
316 34
317 48
318 20
319 20
320 6
321 1
322 8
323 10
324 26
325 14
326 22
327 5
328 55
329 23
330 13
331 48
332 1
333 2
334 5
335 10
336 3
337 7
338 10
339 1
340 8
341 4
342 17
343 6
344 22
345 8
346 18
347 31
348 10
349 2
350 4
351 4
352 32
353 2
354 21
355 18
356 7
357 34
358 16
359 12
360 8
361 8
362 32
363 2
364 12
365 5
366 14
367 6
368 17
369 3
370 22
371 8
372 16
373 1
374 26
375 8
376 44
377 9
378 60
379 11
380 10
381 1
382 2
383 31
384 6
385 45
386 2
387 52
388 10
389 4
390 29
391 63
392 42
393 5
394 1
395 2
396 4
397 24
398 26
399 21
400 21
401 17
402 1
403 67
404 17
405 66
406 3
407 23
408 12
409 27
410 5
411 5
412 6
413 1
414 33
415 6
416 14
417 22
418 4
419 6
420 1
421 1
422 2
423 15
424 6
425 15
426 18
427 23
428 56
429 2
430 13
431 31
432 12
433 1
434 15
435 26
436 31
437 2
438 15
439 4
440 16
441 14
442 11
443 10
444 45
445 3
446 14
447 10
448 1
449 28
450 6
451 45
452 5
453 2
454 6
455 5
456 33
457 20
458 1
459 6
460 35
461 10
462 3
463 10
464 27
465 27
466 12
467 12
468 9
469 22
470 31
471 13
472 7
473 2
474 19
475 1
476 26
477 27
478 14
479 33
480 5
481 8
482 13
483 12
484 25
485 26
486 14
487 12
488 20
489 48
490 9
491 6
492 21
493 32
494 6
495 22
496 14
497 24
498 3
499 21
500 18
501 1
502 20
503 5
504 11
505 14
506 6
507 26
508 34
509 1
510 1
511 8
512 22
513 2
514 9
515 5
516 7
517 29
518 14
519 9
520 3
521 18
522 14
523 6
524 34
525 29
526 3
527 18
528 18
529 37
530 40
531 12
532 5
533 35
534 13
535 4
536 13
537 3
538 4
539 3
540 9
541 5
542 4
543 25
544 3
545 7
546 5
547 3
548 3
549 1
550 29
551 3
552 62
553 7
554 4
555 33
556 11
557 16
558 18
559 3
560 10
561 23
562 59
563 1
564 15
565 14
566 6
567 9
568 8
569 21
570 6
571 8
572 18
573 36
574 8
575 4
576 8
577 21
578 20
579 25
580 9
581 40
582 4
583 2
584 12
585 34
586 6
587 13
588 1
589 1
590 10
591 10
592 15
593 19
594 39
595 16
596 6
597 21
598 63
599 6
600 1
601 26
602 8
603 42
604 4
605 6
606 3
607 7
608 6
609 17
610 11
611 9
612 18
613 43
614 16
615 9
616 10
617 7
618 10
619 28
620 43
621 3
622 5
623 13
624 12
625 17
626 2
627 16
628 4
629 5
630 12
631 7
632 4
633 6
634 21
635 1
636 13
637 42
638 1
639 8
640 22
641 53
642 11
643 17
644 25
645 10
646 8
647 13
648 5
649 3
650 22
651 35
652 11
653 30
654 16
655 1
656 15
657 7
658 5
659 9
660 39
661 4
662 1
663 4
664 3
665 1
666 6
667 54
668 2
669 10
670 1
671 4
672 3
673 4
674 10
675 5
676 15
677 41
678 37
679 3
680 35
681 1
682 12
683 4
684 10
685 22
686 28
687 19
688 17
689 23
690 8
691 6
692 6
693 1
694 1
695 5
696 8
697 7
698 19
699 13
700 8
701 21
702 21
703 8
704 32
705 5
706 11
707 1
708 9
709 2
710 9
711 2
712 8
713 26
714 50
715 3
716 10
717 25
718 11
719 19
720 28
721 38
722 30
723 6
724 2
725 1
726 8
727 5
728 10
729 2
730 5
731 31
732 36
733 43
734 28
735 1
736 11
737 1
738 7
739 1
740 5
741 39
742 8
743 15
744 25
745 16
746 47
747 6
748 9
749 10
750 2
751 1
752 16
753 5
754 14
755 22
756 12
757 8
758 1
759 2
760 9
761 46
762 9
763 1
764 1
765 9
766 14
767 22
768 13
769 14
770 49
771 1
772 28
773 10
774 5
775 1
776 6
777 1
778 8
779 18
780 30
781 3
782 13
783 15
784 8
785 1
786 8
787 9
788 11
789 28
790 5
791 8
792 4
793 1
794 32
795 14
796 18
797 18
798 29
799 1
800 15
801 17
802 11
803 2
804 1
805 6
806 3
807 20
808 17
809 13
810 30
811 4
812 25
813 21
814 2
815 9
816 4
817 4
818 56
819 22
820 19
821 8
822 9
823 6
824 53
825 6
826 23
827 3
828 1
829 7
830 44
831 2
832 35
833 12
834 19
835 6
836 4
837 17
838 2
839 4
840 2
841 4
842 21
843 46
844 80
845 2
846 3
847 23
848 39
849 42
850 14
851 3
852 13
853 1
854 2
855 22
856 6
857 11
858 10
859 28
860 13
861 25
862 10
863 34
864 17
865 1
866 2
867 5
868 9
869 8
870 2
871 1
872 64
873 11
874 1
875 30
876 4
877 12
878 2
879 10
880 3
881 1
882 118
883 38
884 5
885 44
886 9
887 41
888 7
889 5
890 2
891 2
892 19
893 64
894 44
895 6
896 8
897 10
898 53
899 10
900 3
901 24
902 15
903 26
904 4
905 29
906 46
907 3
908 1
909 2
910 1
911 4
912 19
913 15
914 2
915 3
916 2
917 29
918 11
919 11
920 5
921 2
922 24
923 17
924 35
925 11
926 2
927 3
928 7
929 36
930 9
931 21
932 88
933 51
934 5
935 34
936 49
937 11
938 24
939 4
940 7
941 11
942 52
943 25
944 28
945 16
946 35
947 23
948 17
949 46
950 21
951 9
952 24
953 17
954 9
955 7
956 22
957 10
958 25
959 10
960 24
961 4
962 25
963 79
964 1
965 3
966 15
967 11
968 34
969 16
970 3
971 29
972 26
973 6
974 18
975 42
976 5
977 11
978 31
979 14
980 2
981 12
982 2
983 70
984 23
985 60
986 22
987 23
988 7
989 10
990 2
991 26
992 71
993 10
994 5
995 9
996 13
997 33
998 1
999 2
1000 42
1001 5
1002 81
1003 7
1004 46
1005 18
1006 37
1007 5
1008 30
1009 1
1010 25
1011 3
1012 1
1013 8
1014 22
1015 8
1016 24
1017 3
1018 3
1019 9
1020 14
1021 18
1022 7
1023 17
1024 7
1025 3
1026 35
1027 7
1028 8
1029 3
1030 7
1031 31
1032 7
1033 7
1034 37
1035 7
1036 39
1037 3
1038 64
1039 19
1040 40
1041 11
1042 3
1043 32
1044 22
1045 4
1046 25
1047 6
1048 17
1049 5
1050 3
1051 16
1052 19
1053 34
1054 19
1055 39
1056 15
1057 5
1058 1
1059 4
1060 69
1061 6
1062 27
1063 12
1064 9
1065 12
1066 7
1067 20
1068 7
1069 10
1070 12
1071 4
1072 34
1073 2
1074 22
1075 2
1076 9
1077 26
1078 2
1079 28
1080 29
1081 29
1082 2
1083 7
1084 9
1085 17
1086 56
1087 32
1088 4
1089 3
1090 14
1091 6
1092 8
1093 5
1094 15
1095 34
1096 13
1097 15
1098 21
1099 22
1100 14
1101 6
1102 3
1103 63
1104 47
1105 34
1106 5
1107 23
1108 37
1109 7
1110 10
1111 9
1112 67
1113 23
1114 35
1115 9
1116 7
1117 19
1118 2
1119 6
1120 27
1121 25
1122 2
1123 36
1124 28
1125 7
1126 3
1127 63
1128 4
1129 15
1130 4
1131 17
1132 18
1133 20
1134 1
1135 30
1136 17
1137 27
1138 27
1139 11
1140 20
1141 1
1142 2
1143 9
1144 5
1145 3
1146 39
1147 16
1148 31
1149 3
1150 18
1151 2
1152 2
1153 16
1154 17
1155 11
1156 14
1157 11
1158 16
1159 9
1160 3
1161 7
1162 8
1163 10
1164 5
1165 10
1166 4
1167 3
1168 32
1169 4
1170 3
1171 4
1172 23
1173 28
1174 1
1175 8
1176 15
1177 14
1178 18
1179 27
1180 36
1181 2
1182 46
1183 30
1184 9
1185 38
1186 6
1187 9
1188 6
1189 4
1190 5
1191 14
1192 39
1193 10
1194 9
1195 13
1196 14
1197 15
1198 12
1199 9
1200 33
1201 2
1202 45
1203 21
1204 83
1205 1
1206 13
1207 47
1208 4
1209 11
1210 6
1211 19
1212 3
1213 8
1214 4
1215 55
1216 28
1217 12
1218 15
1219 17
1220 5
1221 6
1222 2
1223 3
1224 6
1225 9
1226 31
1227 29
1228 11
1229 6
1230 12
1231 4
1232 38
1233 14
1234 11
1235 1
1236 25
1237 14
1238 83
1239 3
1240 10
1241 54
1242 19
1243 14
1244 3
1245 7
1246 24
1247 16
1248 11
1249 46
1250 22
1251 3
1252 2
1253 8
1254 6
1255 13
1256 9
1257 1
1258 16
1259 30
1260 11
1261 2
1262 3
1263 4
1264 7
1265 2
1266 37
1267 22
1268 26
1269 3
1270 8
1271 20
1272 8
1273 1
1274 11
1275 2
1276 10
1277 11
1278 29
1279 9
1280 8
1281 2
1282 42
1283 3
1284 27
1285 17
1286 2
1287 11
1288 20
1289 29
1290 4
1291 8
1292 4
1293 10
1294 19
1295 56
1296 6
1297 19
1298 7
1299 14
1300 18
1301 7
1302 1
1303 11
1304 1
1305 14
1306 10
1307 22
1308 14
1309 5
1310 4
1311 17
1312 22
1313 101
1314 11
1315 1
1316 4
1317 8
1318 19
1319 3
1320 5
1321 10
1322 5
1323 23
1324 34
1325 27
1326 25
1327 15
1328 11
1329 2
1330 36
1331 39
1332 7
1333 10
1334 45
1335 31
1336 11
1337 24
1338 25
1339 2
1340 60
1341 4
1342 62
1343 16
1344 17
1345 3
1346 19
1347 3
1348 1
1349 2
1350 28
1351 7
1352 14
1353 11
1354 3
1355 8
1356 10
1357 80
1358 3
1359 6
1360 33
1361 19
1362 12
1363 6
1364 4
1365 1
1366 19
1367 29
1368 10
1369 22
1370 24
1371 4
1372 12
1373 22
1374 52
1375 8
1376 34
1377 5
1378 9
1379 28
1380 3
1381 36
1382 12
1383 29
1384 11
1385 6
1386 39
1387 19
1388 5
1389 28
1390 40
1391 11
1392 9
1393 12
1394 9
1395 13
1396 51
1397 96
1398 23
1399 8
1400 33
1401 23
1402 22
1403 12
1404 5
1405 21
1406 33
1407 1
1408 1
1409 9
1410 13
1411 39
1412 2
1413 1
1414 23
1415 7
1416 1
1417 4
1418 21
1419 2
1420 19
1421 49
1422 44
1423 1
1424 9
1425 9
1426 76
1427 3
1428 23
1429 25
1430 1
1431 20
1432 23
1433 36
1434 4
1435 1
1436 4
1437 8
1438 8
1439 1
1440 16
1441 5
1442 5
1443 48
1444 5
1445 51
1446 62
1447 4
1448 2
1449 33
1450 53
1451 7
1452 1
1453 10
1454 14
1455 2
1456 10
1457 9
1458 12
1459 5
1460 8
1461 3
1462 17
1463 2
1464 3
1465 7
1466 13
1467 13
1468 6
1469 8
1470 27
1471 27
1472 9
1473 6
1474 4
1475 12
1476 8
1477 3
1478 34
1479 1
1480 20
1481 3
1482 20
1483 2
1484 3
1485 37
1486 25
1487 26
1488 5
1489 7
1490 1
1491 34
1492 24
1493 28
1494 27
1495 20
1496 1
1497 5
1498 22
1499 22
1500 24
1501 23
1502 20
1503 3
1504 6
1505 14
1506 19
1507 22
1508 12
1509 18
1510 14
1511 13
1512 20
1513 21
1514 1
1515 13
1516 27
1517 1
1518 8
1519 7
1520 5
1521 8
1522 5
1523 6
1524 37
1525 16
1526 1
1527 11
1528 5
1529 9
1530 5
1531 12
1532 31
1533 16
1534 34
1535 19
1536 33
1537 4
1538 3
1539 3
1540 13
1541 2
1542 31
1543 34
1544 16
1545 8
1546 15
1547 5
1548 14
1549 2
1550 2
1551 14
1552 7
1553 5
1554 7
1555 8
1556 1
1557 2
1558 30
1559 60
1560 33
1561 2
1562 3
1563 1
1564 5
1565 12
1566 1
1567 2
1568 7
1569 8
1570 15
1571 9
1572 10
1573 17
1574 8
1575 6
1576 15
1577 3
1578 2
1579 18
1580 6
1581 26
1582 13
1583 8
1584 17
1585 17
1586 11
1587 10
1588 16
1589 41
1590 10
1591 37
1592 49
1593 18
1594 12
1595 32
1596 13
1597 18
1598 37
1599 18
1600 1
1601 5
1602 3
1603 13
1604 1
1605 3
1606 13
1607 3
1608 26
1609 8
1610 19
1611 5
1612 13
1613 2
1614 14
1615 15
1616 11
1617 4
1618 2
1619 37
1620 25
1621 15
1622 15
1623 17
1624 4
1625 3
1626 4
1627 64
1628 5
1629 5
1630 2
1631 12
1632 7
1633 16
1634 31
1635 13
1636 57
1637 5
1638 8
1639 1
1640 1
1641 7
1642 14
1643 8
1644 18
1645 38
1646 23
1647 38
1648 6
1649 12
1650 7
1651 43
1652 15
1653 25
1654 10
1655 17
1656 25
1657 4
1658 34
1659 35
1660 45
1661 18
1662 36
1663 16
1664 7
1665 8
1666 17
1667 31
1668 14
1669 20
1670 6
1671 6
1672 70
1673 13
1674 20
1675 10
1676 19
1677 25
1678 8
1679 26
1680 15
1681 16
1682 11
1683 22
1684 11
1685 15
1686 17
1687 3
1688 19
1689 15
1690 38
1691 6
1692 20
1693 11
1694 5
1695 9
1696 40
1697 7
1698 5
1699 23
1700 19
1701 3
1702 5
1703 5
1704 5
1705 20
1706 9
1707 6
1708 22
1709 20
1710 12
1711 15
1712 2
1713 8
1714 5
1715 4
1716 14
1717 19
1718 8
1719 6
1720 6
1721 42
1722 5
1723 1
1724 10
1725 5
1726 1
1727 6
1728 9
1729 9
1730 2
1731 2
1732 7
1733 6
1734 27
1735 23
1736 1
1737 9
1738 12
1739 40
1740 1
1741 14
1742 20
1743 20
1744 15
1745 9
1746 75
1747 24
1748 32
1749 12
1750 2
1751 12
1752 11
1753 51
1754 3
1755 13
1756 12
1757 9
1758 18
1759 2
1760 4
1761 6
1762 14
1763 20
1764 7
1765 5
1766 1
1767 4
1768 10
1769 38
1770 4
1771 8
1772 3
1773 7
1774 5
1775 7
1776 1
1777 1
1778 21
1779 7
1780 3
1781 3
1782 3
1783 6
1784 31
1785 3
1786 9
1787 16
1788 11
1789 6
1790 1
1791 3
1792 17
1793 9
1794 8
1795 45
1796 1
1797 5
1798 29
1799 15
1800 17
1801 11
1802 1
1803 15
1804 26
1805 7
1806 7
1807 5
1808 8
1809 5
1810 12
1811 19
1812 3
1813 14
1814 5
1815 18
1816 18
1817 67
1818 11
1819 8
1820 27
1821 5
1822 10
1823 3
1824 2
1825 26
1826 2
1827 30
1828 2
1829 10
1830 6
1831 22
1832 25
1833 9
1834 52
1835 16
1836 6
1837 8
1838 1
1839 63
1840 28
1841 14
1842 7
1843 27
1844 3
1845 13
1846 52
1847 15
1848 7
1849 18
1850 2
1851 20
1852 1
1853 12
1854 3
1855 7
1856 41
1857 19
1858 4
1859 2
1860 15
1861 19
1862 11
1863 60
1864 7
1865 45
1866 8
1867 5
1868 76
1869 10
1870 28
1871 1
1872 11
1873 1
1874 1
1875 64
1876 21
1877 21
1878 44
1879 58
1880 57
1881 13
1882 4
1883 21
1884 1
1885 10
1886 2
1887 2
1888 6
1889 1
1890 33
1891 19
1892 4
1893 19
1894 12
1895 1
1896 2
1897 28
1898 4
1899 13
1900 7
1901 8
1902 22
1903 5
1904 6
1905 12
1906 70
1907 15
1908 5
1909 6
1910 51
1911 45
1912 3
1913 35
1914 3
1915 7
1916 1
1917 4
1918 8
1919 9
1920 26
1921 33
1922 24
1923 31
1924 20
1925 13
1926 2
1927 2
1928 22
1929 4
1930 15
1931 9
1932 10
1933 3
1934 22
1935 8
1936 23
1937 3
1938 7
1939 25
1940 17
1941 5
1942 18
1943 10
1944 9
1945 7
1946 18
1947 6
1948 19
1949 12
1950 23
1951 3
1952 2
1953 12
1954 25
1955 11
1956 85
1957 27
1958 3
1959 21
1960 40
1961 67
1962 25
1963 1
1964 5
1965 4
1966 4
1967 4
1968 14
1969 1
1970 22
1971 32
1972 45
1973 3
1974 6
1975 22
1976 2
1977 29
1978 21
1979 12
1980 14
1981 6
1982 33
1983 55
1984 63
1985 1
1986 5
1987 29
1988 21
1989 7
1990 29
1991 5
1992 29
1993 2
1994 23
1995 6
1996 11
1997 9
1998 5
1999 6
2000 15
2001 6
2002 31
2003 20
2004 4
2005 4
2006 7
2007 2
2008 16
2009 18
2010 3
2011 14
2012 15
2013 8
2014 20
2015 17
2016 39
2017 17
2018 17
2019 11
2020 3
2021 3
2022 15
2023 5
2024 9
2025 12
2026 6
2027 22
2028 5
2029 9
2030 14
2031 2
2032 12
2033 26
2034 21
2035 7
2036 21
2037 28
2038 20
2039 3
2040 19
2041 13
2042 16
2043 44
2044 1
2045 4
2046 10
2047 12
2048 2
2049 33
2050 7
2051 24
2052 9
2053 11
2054 12
2055 5
2056 27
2057 3
2058 61
2059 1
2060 12
2061 13
2062 18
2063 3
2064 35
2065 7
2066 9
2067 6
2068 1
2069 2
2070 13
2071 2
2072 23
2073 2
2074 8
2075 7
2076 12
2077 5
2078 10
2079 4
2080 18
2081 1
2082 10
2083 14
2084 2
2085 42
2086 60
2087 16
2088 2
2089 29
2090 36
2091 7
2092 7
2093 33
2094 14
2095 2
2096 8
2097 8
2098 24
2099 9
2100 11
2101 5
2102 53
2103 6
2104 11
2105 3
2106 2
2107 7
2108 8
2109 3
2110 6
2111 6
2112 15
2113 1
2114 10
2115 4
2116 25
2117 1
2118 28
2119 1
2120 13
2121 11
2122 4
2123 9
2124 1
2125 8
2126 5
2127 6
2128 28
2129 3
2130 9
2131 9
2132 55
2133 17
2134 7
2135 7
2136 12
2137 23
2138 5
2139 1
2140 2
2141 20
2142 2
2143 5
2144 47
2145 3
2146 7
2147 4
2148 5
2149 11
2150 3
2151 32
2152 25
2153 31
2154 11
2155 2
2156 19
2157 1
2158 24
2159 14
2160 48
2161 22
2162 56
2163 1
2164 4
2165 15
2166 2
2167 13
2168 6
2169 30
2170 2
2171 17
2172 13
2173 17
2174 60
2175 4
2176 7
2177 15
2178 6
2179 8
2180 8
2181 9
2182 9
2183 31
2184 44
2185 4
2186 2
2187 2
2188 20
2189 20
2190 30
2191 3
2192 1
2193 19
2194 8
2195 2
2196 12
2197 3
2198 3
2199 22
2200 6
2201 85
2202 2
2203 2
2204 15
2205 19
2206 1
2207 28
2208 1
2209 18
2210 108
2211 3
2212 13
2213 16
2214 5
2215 6
2216 21
2217 3
2218 13
2219 39
2220 5
2221 9
2222 4
2223 8
2224 2
2225 42
2226 37
2227 11
2228 2
2229 7
2230 40
2231 3
2232 4
2233 1
2234 19
2235 8
2236 3
2237 19
2238 7
2239 3
2240 24
2241 19
2242 4
2243 5
2244 13
2245 9
2246 22
2247 11
2248 18
2249 1
2250 4
2251 45
2252 22
2253 11
2254 7
2255 34
2256 6
2257 7
2258 17
2259 6
2260 2
2261 1
2262 1
2263 25
2264 18
2265 8
2266 2
2267 11
2268 23
2269 11
2270 5
2271 19
2272 6
2273 12
2274 1
2275 5
2276 1
2277 2
2278 16
2279 2
2280 31
2281 4
2282 4
2283 22
2284 6
2285 18
2286 3
2287 7
2288 7
2289 7
2290 14
2291 3
2292 1
2293 7
2294 69
2295 6
2296 3
2297 39
2298 9
2299 14
2300 9
2301 1
2302 10
2303 13
2304 48
2305 9
2306 11
2307 4
2308 75
2309 17
2310 3
2311 1
2312 66
2313 19
2314 16
2315 6
2316 22
2317 53
2318 15
2319 13
2320 2
2321 5
2322 4
2323 7
2324 8
2325 3
2326 35
2327 8
2328 13
2329 18
2330 8
2331 5
2332 1
2333 43
2334 31
2335 27
2336 8
2337 18
2338 9
2339 19
2340 35
2341 12
2342 16
2343 2
2344 3
2345 9
2346 5
2347 2
2348 30
2349 10
2350 11
2351 2
2352 17
2353 1
2354 1
2355 10
2356 1
2357 6
2358 9
2359 24
2360 4
2361 20
2362 2
2363 8
2364 5
2365 34
2366 1
2367 4
2368 23
2369 8
2370 23
2371 10
2372 20
2373 44
2374 3
2375 34
2376 7
2377 10
2378 38
2379 41
2380 2
2381 4
2382 9
2383 14
2384 67
2385 7
2386 40
2387 13
2388 9
2389 2
2390 19
2391 1
2392 1
2393 22
2394 22
2395 4
2396 4
2397 2
2398 9
2399 20
2400 8
2401 9
2402 4
2403 11
2404 2
2405 40
2406 29
2407 8
2408 46
2409 6
2410 8
2411 3
2412 30
2413 13
2414 5
2415 22
2416 22
2417 15
2418 11
2419 27
2420 10
2421 1
2422 31
2423 12
2424 20
2425 22
2426 6
2427 44
2428 25
2429 9
2430 4
2431 2
2432 22
2433 46
2434 13
2435 9
2436 5
2437 7
2438 48
2439 29
2440 53
2441 3
2442 22
2443 4
2444 32
2445 2
2446 6
2447 58
2448 20
2449 5
2450 3
2451 9
2452 7
2453 1
2454 4
2455 8
2456 7
2457 22
2458 27
2459 10
2460 30
2461 3
2462 20
2463 48
2464 16
2465 32
2466 5
2467 36
2468 26
2469 3
2470 20
2471 15
2472 23
2473 12
2474 73
2475 23
2476 4
2477 51
2478 19
2479 2
2480 4
2481 21
2482 15
2483 1
2484 11
2485 15
2486 6
2487 12
2488 7
2489 29
2490 13
2491 30
2492 26
2493 2
2494 29
2495 4
2496 13
2497 11
2498 2
2499 14
2500 2
2501 2
2502 17
2503 9
2504 3
2505 15
2506 17
2507 34
2508 25
2509 15
2510 2
2511 12
2512 12
2513 16
2514 1
2515 22
2516 3
2517 7
2518 48
2519 2
2520 15
2521 7
2522 31
2523 8
2524 9
2525 7
2526 20
2527 11
2528 18
2529 13
2530 3
2531 12
2532 19
2533 31
2534 8
2535 4
2536 13
2537 30
2538 10
2539 2
2540 26
2541 2
2542 1
2543 50
2544 3
2545 9
2546 9
2547 17
2548 55
2549 7
2550 2
2551 6
2552 17
2553 3
2554 18
2555 19
2556 12
2557 4
2558 2
2559 1
2560 34
2561 9
2562 38
2563 52
2564 9
2565 27
2566 25
2567 9
2568 33
2569 45
2570 45
2571 11
2572 7
2573 5
2574 1
2575 20
2576 18
2577 19
2578 4
2579 2
2580 1
2581 21
2582 19
2583 3
2584 14
2585 13
2586 13
2587 8
2588 3
2589 10
2590 2
2591 72
2592 9
2593 7
2594 3
2595 9
2596 22
2597 9
2598 8
2599 37
2600 8
2601 9
2602 16
2603 6
2604 3
2605 3
2606 4
2607 3
2608 2
2609 5
2610 3
2611 2
2612 32
2613 8
2614 1
2615 8
2616 8
2617 31
2618 4
2619 3
2620 17
2621 12
2622 1
2623 7
2624 10
2625 3
2626 19
2627 3
2628 14
2629 9
2630 1
2631 4
2632 16
2633 50
2634 4
2635 13
2636 23
2637 10
2638 10
2639 1
2640 6
2641 8
2642 10
2643 2
2644 11
2645 18
2646 18
2647 12
2648 4
2649 31
2650 16
2651 1
2652 6
2653 14
2654 20
2655 10
2656 5
2657 10
2658 50
2659 2
2660 27
2661 54
2662 42
2663 16
2664 13
2665 3
2666 11
2667 25
2668 1
2669 9
2670 7
2671 4
2672 22
2673 30
2674 12
2675 11
2676 2
2677 12
2678 60
2679 17
2680 19
2681 13
2682 8
2683 4
2684 9
2685 3
2686 13
2687 49
2688 1
2689 4
2690 32
2691 4
2692 13
2693 5
2694 5
2695 15
2696 51
2697 16
2698 4
2699 6
2700 2
2701 4
2702 4
2703 10
2704 1
2705 5
2706 4
2707 35
2708 48
2709 6
2710 17
2711 22
2712 10
2713 12
2714 16
2715 4
2716 15
2717 2
2718 16
2719 6
2720 16
2721 11
2722 8
2723 16
2724 32
2725 11
2726 4
2727 36
2728 9
2729 1
2730 2
2731 11
2732 16
2733 34
2734 8
2735 1
2736 26
2737 4
2738 23
2739 47
2740 18
2741 7
2742 38
2743 78
2744 6
2745 2
2746 4
2747 6
2748 2
2749 63
2750 13
2751 1
2752 10
2753 35
2754 3
2755 14
2756 1
2757 17
2758 43
2759 19
2760 2
2761 4
2762 6
2763 49
2764 8
2765 10
2766 35
2767 5
2768 46
2769 18
2770 2
2771 16
2772 44
2773 15
2774 7
2775 31
2776 1
2777 3
2778 9
2779 4
2780 6
2781 9
2782 10
2783 6
2784 37
2785 32
2786 16
2787 8
2788 31
2789 4
2790 13
2791 4
2792 29
2793 3
2794 1
2795 29
2796 36
2797 10
2798 12
2799 22
2800 20
2801 5
2802 13
2803 8
2804 13
2805 6
2806 3
2807 2
2808 42
2809 18
2810 1
2811 4
2812 11
2813 3
2814 8
2815 25
2816 7
2817 11
2818 7
2819 12
2820 15
2821 9
2822 6
2823 1
2824 4
2825 30
2826 3
2827 9
2828 37
2829 4
2830 5
2831 10
2832 2
2833 6
2834 17
2835 42
2836 4
2837 37
2838 16
2839 10
2840 20
2841 24
2842 19
2843 10
2844 1
2845 16
2846 14
2847 34
2848 44
2849 78
2850 33
2851 10
2852 1
2853 9
2854 3
2855 7
2856 33
2857 5
2858 31
2859 11
2860 21
2861 25
2862 18
2863 11
2864 10
2865 4
2866 15
2867 14
2868 27
2869 19
2870 4
2871 14
2872 39
2873 1
2874 38
2875 3
2876 10
2877 15
2878 34
2879 26
2880 18
2881 1
2882 4
2883 12
2884 14
2885 4
2886 2
2887 2
2888 1
2889 6
2890 1
2891 8
2892 3
2893 4
2894 78
2895 1
2896 23
2897 5
2898 51
2899 19
2900 40
2901 4
2902 13
2903 13
2904 13
2905 1
2906 7
2907 3
2908 1
2909 44
2910 3
2911 8
2912 3
2913 12
2914 12
2915 5
2916 29
2917 11
2918 2
2919 2
2920 30
2921 5
2922 11
2923 18
2924 26
2925 2
2926 17
2927 2
2928 5
2929 10
2930 4
2931 2
2932 15
2933 9
2934 6
2935 37
2936 5
2937 2
2938 10
2939 14
2940 18
2941 16
2942 1
2943 20
2944 14
2945 27
2946 11
2947 3
2948 26
2949 7
2950 12
2951 32
2952 7
2953 26
2954 29
2955 12
2956 4
2957 18
2958 30
2959 10
2960 56
2961 2
2962 25
2963 12
2964 6
2965 4
2966 17
2967 5
2968 27
2969 11
2970 5
2971 36
2972 46
2973 4
2974 3
2975 3
2976 30
2977 3
2978 4
2979 14
2980 4
2981 2
2982 7
2983 3
2984 23
2985 23
2986 11
2987 14
2988 16
2989 14
2990 12
2991 2
2992 12
2993 16
2994 45
2995 12
2996 47
2997 4
2998 10
2999 3
3000 45
3001 9
3002 10
3003 37
3004 2
3005 4
3006 61
3007 13
3008 13
3009 8
3010 19
3011 11
3012 29
3013 3
3014 10
3015 30
3016 16
3017 12
3018 4
3019 16
3020 4
3021 16
3022 1
3023 13
3024 11
3025 11
3026 18
3027 24
3028 4
3029 10
3030 2
3031 12
3032 21
3033 30
3034 9
3035 13
3036 11
3037 1
3038 18
3039 3
3040 36
3041 31
3042 11
3043 35
3044 10
3045 9
3046 5
3047 14
3048 31
3049 21
3050 19
3051 21
3052 1
3053 15
3054 26
3055 9
3056 13
3057 3
3058 2
3059 2
3060 23
3061 21
3062 5
3063 4
3064 3
3065 12
3066 13
3067 1
3068 11
3069 20
3070 43
3071 92
3072 17
3073 20
3074 31
3075 22
3076 1
3077 15
3078 6
3079 13
3080 5
3081 29
3082 30
3083 1
3084 7
3085 6
3086 18
3087 10
3088 2
3089 6
3090 19
3091 2
3092 2
3093 16
3094 21
3095 2
3096 1
3097 16
3098 26
3099 10
3100 13
3101 8
3102 3
3103 20
3104 5
3105 15
3106 26
3107 30
3108 4
3109 1
3110 6
3111 2
3112 5
3113 18
3114 5
3115 6
3116 1
3117 27
3118 4
3119 5
3120 9
3121 6
3122 23
3123 12
3124 9
3125 2
3126 8
3127 5
3128 11
3129 6
3130 8
3131 4
3132 82
3133 1
3134 13
3135 22
3136 8
3137 16
3138 15
3139 22
3140 3
3141 1
3142 20
3143 30
3144 27
3145 5
3146 31
3147 10
3148 14
3149 3
3150 9
3151 1
3152 5
3153 10
3154 5
3155 2
3156 15
3157 1
3158 10
3159 41
3160 22
3161 6
3162 2
3163 13
3164 63
3165 3
3166 33
3167 27
3168 31
3169 3
3170 1
3171 19
3172 6
3173 15
3174 9
3175 13
3176 7
3177 3
3178 17
3179 14
3180 12
3181 12
3182 11
3183 4
3184 5
3185 15
3186 5
3187 32
3188 15
3189 7
3190 10
3191 2
3192 3
3193 34
3194 4
3195 1
3196 12
3197 44
3198 30
3199 38
3200 9
3201 14
3202 5
3203 4
3204 17
3205 5
3206 10
3207 10
3208 17
3209 1
3210 3
3211 34
3212 31
3213 10
3214 23
3215 4
3216 50
3217 15
3218 1
3219 21
3220 15
3221 5
3222 2
3223 2
3224 26
3225 5
3226 1
3227 2
3228 9
3229 14
3230 34
3231 11
3232 16
3233 23
3234 11
3235 5
3236 24
3237 20
3238 70
3239 40
3240 14
3241 98
3242 4
3243 23
3244 2
3245 13
3246 2
3247 44
3248 8
3249 13
3250 5
3251 11
3252 20
3253 10
3254 40
3255 13
3256 22
3257 16
3258 10
3259 4
3260 12
3261 3
3262 3
3263 13
3264 15
3265 9
3266 15
3267 17
3268 14
3269 7
3270 13
3271 3
3272 7
3273 4
3274 7
3275 23
3276 20
3277 12
3278 24
3279 27
3280 12
3281 10
3282 36
3283 3
3284 3
3285 36
3286 43
3287 11
3288 6
3289 37
3290 6
3291 23
3292 26
3293 1
3294 24
3295 1
3296 17
3297 16
3298 7
3299 2
3300 5
3301 4
3302 14
3303 3
3304 3
3305 56
3306 17
3307 3
3308 4
3309 55
3310 5
3311 42
3312 33
3313 13
3314 2
3315 19
3316 1
3317 1
3318 4
3319 11
3320 39
3321 11
3322 73
3323 7
3324 8
3325 11
3326 52
3327 17
3328 2
3329 17
3330 1
3331 14
3332 14
3333 2
3334 2
3335 12
3336 13
3337 18
3338 33
3339 5
3340 52
3341 2
3342 14
3343 36
3344 41
3345 2
3346 22
3347 3
3348 21
3349 6
3350 11
3351 14
3352 34
3353 40
3354 13
3355 32
3356 16
3357 3
3358 7
3359 7
3360 21
3361 13
3362 7
3363 13
3364 29
3365 29
3366 2
3367 14
3368 1
3369 10
3370 18
3371 6
3372 6
3373 12
3374 9
3375 19
3376 28
3377 16
3378 22
3379 28
3380 1
3381 13
3382 5
3383 12
3384 16
3385 4
3386 2
3387 7
3388 42
3389 18
3390 2
3391 23
3392 13
3393 35
3394 44
3395 16
3396 6
3397 10
3398 48
3399 11
3400 1
3401 21
3402 2
3403 25
3404 3
3405 24
3406 15
3407 57
3408 16
3409 8
3410 6
3411 54
3412 22
3413 10
3414 6
3415 13
3416 22
3417 7
3418 28
3419 11
3420 1
3421 8
3422 7
3423 12
3424 3
3425 4
3426 5
3427 4
3428 8
3429 2
3430 53
3431 18
3432 4
3433 5
3434 9
3435 8
3436 3
3437 7
3438 30
3439 11
3440 23
3441 8
3442 38
3443 16
3444 2
3445 17
3446 14
3447 20
3448 1
3449 18
3450 23
3451 13
3452 22
3453 11
3454 31
3455 1
3456 1
3457 1
3458 3
3459 41
3460 7
3461 5
3462 19
3463 4
3464 4
3465 12
3466 2
3467 16
3468 2
3469 9
3470 39
3471 5
3472 34
3473 2
3474 2
3475 4
3476 10
3477 9
3478 23
3479 9
3480 2
3481 52
3482 3
3483 6
3484 3
3485 18
3486 3
3487 7
3488 36
3489 1
3490 1
3491 43
3492 4
3493 21
3494 11
3495 3
3496 2
3497 4
3498 19
3499 53
3500 74
3501 4
3502 3
3503 44
3504 12
3505 6
3506 6
3507 1
3508 65
3509 31
3510 4
3511 43
3512 29
3513 5
3514 37
3515 26
3516 8
3517 9
3518 17
3519 5
3520 17
3521 29
3522 58
3523 6
3524 24
3525 34
3526 30
3527 27
3528 18
3529 62
3530 19
3531 3
3532 13
3533 42
3534 8
3535 26
3536 12
3537 30
3538 23
3539 5
3540 2
3541 36
3542 8
3543 8
3544 67
3545 8
3546 16
3547 7
3548 24
3549 27
3550 12
3551 6
3552 11
3553 12
3554 9
3555 1
3556 17
3557 9
3558 16
3559 16
3560 18
3561 2
3562 6
3563 3
3564 12
3565 6
3566 4
3567 2
3568 20
3569 15
3570 7
3571 10
3572 2
3573 6
3574 12
3575 15
3576 1
3577 46
3578 3
3579 30
3580 27
3581 21
3582 6
3583 13
3584 10
3585 10
3586 9
3587 19
3588 9
3589 8
3590 4
3591 25
3592 12
3593 4
3594 54
3595 4
3596 2
3597 17
3598 8
3599 5
3600 1
3601 56
3602 38
3603 5
3604 2
3605 21
3606 20
3607 22
3608 18
3609 39
3610 13
3611 59
3612 8
3613 51
3614 7
3615 18
3616 2
3617 5
3618 22
3619 43
3620 2
3621 9
3622 7
3623 2
3624 10
3625 35
3626 11
3627 29
3628 16
3629 21
3630 7
3631 5
3632 4
3633 14
3634 1
3635 5
3636 7
3637 28
3638 39
3639 14
3640 15
3641 15
3642 2
3643 17
3644 13
3645 5
3646 3
3647 6
3648 33
3649 13
3650 43
3651 49
3652 36
3653 16
3654 29
3655 16
3656 3
3657 9
3658 5
3659 8
3660 33
3661 9
3662 38
3663 26
3664 3
3665 7
3666 8
3667 32
3668 5
3669 7
3670 4
3671 37
3672 10
3673 3
3674 20
3675 3
3676 24
3677 11
3678 1
3679 58
3680 45
3681 38
3682 31
3683 5
3684 2
3685 2
3686 24
3687 22
3688 15
3689 5
3690 14
3691 21
3692 4
3693 4
3694 16
3695 4
3696 11
3697 2
3698 36
3699 12
3700 59
3701 17
3702 14
3703 1
3704 3
3705 15
3706 8
3707 13
3708 33
3709 6
3710 15
3711 14
3712 14
3713 2
3714 5
3715 41
3716 22
3717 13
3718 4
3719 3
3720 2
3721 14
3722 2
3723 11
3724 8
3725 16
3726 7
3727 5
3728 15
3729 6
3730 27
3731 10
3732 21
3733 44
3734 31
3735 17
3736 2
3737 31
3738 7
3739 14
3740 32
3741 6
3742 2
3743 5
3744 36
3745 5
3746 4
3747 5
3748 10
3749 21
3750 31
3751 10
3752 26
3753 14
3754 30
3755 9
3756 1
3757 7
3758 25
3759 1
3760 10
3761 22
3762 5
3763 21
3764 3
3765 24
3766 2
3767 28
3768 3
3769 55
3770 46
3771 5
3772 36
3773 4
3774 17
3775 27
3776 1
3777 24
3778 2
3779 10
3780 7
3781 14
3782 4
3783 9
3784 4
3785 7
3786 24
3787 22
3788 1
3789 22
3790 4
3791 17
3792 8
3793 5
3794 26
3795 4
3796 15
3797 4
3798 46
3799 16
3800 9
3801 3
3802 14
3803 13
3804 18
3805 18
3806 13
3807 4
3808 4
3809 25
3810 29
3811 9
3812 17
3813 25
3814 30
3815 16
3816 10
3817 37
3818 17
3819 8
3820 20
3821 3
3822 1
3823 14
3824 11
3825 14
3826 17
3827 6
3828 10
3829 5
3830 24
3831 6
3832 9
3833 25
3834 13
3835 20
3836 6
3837 8
3838 1
3839 16
3840 10
3841 3
3842 25
3843 18
3844 29
3845 4
3846 15
3847 12
3848 10
3849 23
3850 12
3851 9
3852 12
3853 6
3854 1
3855 21
3856 1
3857 2
3858 1
3859 4
3860 8
3861 41
3862 3
3863 5
3864 3
3865 13
3866 13
3867 1
3868 5
3869 5
3870 17
3871 5
3872 6
3873 4
3874 2
3875 2
3876 29
3877 29
3878 1
3879 1
3880 12
3881 1
3882 5
3883 3
3884 20
3885 17
3886 3
3887 7
3888 13
3889 11
3890 26
3891 24
3892 1
3893 21
3894 18
3895 10
3896 15
3897 1
3898 2
3899 13
3900 1
3901 2
3902 5
3903 1
3904 23
3905 10
3906 6
3907 10
3908 31
3909 31
3910 51
3911 83
3912 3
3913 6
3914 1
3915 2
3916 12
3917 12
3918 4
3919 16
3920 31
3921 1
3922 4
3923 6
3924 4
3925 33
3926 5
3927 25
3928 40
3929 38
3930 2
3931 13
3932 50
3933 33
3934 5
3935 4
3936 22
3937 3
3938 4
3939 1
3940 25
3941 7
3942 56
3943 5
3944 10
3945 4
3946 15
3947 4
3948 28
3949 8
3950 34
3951 41
3952 3
3953 26
3954 6
3955 14
3956 15
3957 7
3958 8
3959 5
3960 3
3961 1
3962 5
3963 43
3964 2
3965 4
3966 2
3967 10
3968 22
3969 30
3970 3
3971 10
3972 6
3973 39
3974 5
3975 10
3976 13
3977 17
3978 34
3979 23
3980 14
3981 7
3982 5
3983 1
3984 1
3985 7
3986 2
3987 5
3988 40
3989 25
3990 6
3991 10
3992 21
3993 14
3994 13
3995 26
3996 48
3997 6
3998 13
3999 21
4000 1
4001 1
4002 30
4003 11
4004 21
4005 1
4006 43
4007 16
4008 6
4009 17
4010 10
4011 15
4012 6
4013 7
4014 1
4015 6
4016 10
4017 1
4018 13
4019 31
4020 10
4021 5
4022 9
4023 13
4024 4
4025 47
4026 16
4027 10
4028 7
4029 28
4030 19
4031 2
4032 3
4033 33
4034 6
4035 19
4036 8
4037 10
4038 2
4039 48
4040 13
4041 18
4042 8
4043 34
4044 7
4045 8
4046 2
4047 10
4048 20
4049 47
4050 16
4051 24
4052 4
4053 8
4054 19
4055 24
4056 25
4057 18
4058 13
4059 26
4060 17
4061 1
4062 15
4063 9
4064 1
4065 52
4066 17
4067 8
4068 1
4069 25
4070 3
4071 15
4072 3
4073 17
4074 5
4075 11
4076 5
4077 2
4078 42
4079 1
4080 2
4081 6
4082 7
4083 4
4084 28
4085 20
4086 3
4087 6
4088 11
4089 1
4090 9
4091 13
4092 71
4093 15
4094 6
4095 15
4096 3
4097 35
4098 48
4099 2
4100 5
4101 32
4102 2
4103 11
4104 4
4105 3
4106 8
4107 18
4108 19
4109 9
4110 4
4111 58
4112 4
4113 12
4114 1
4115 6
4116 1
4117 21
4118 17
4119 15
4120 17
4121 14
4122 3
4123 43
4124 2
4125 14
4126 5
4127 23
4128 8
4129 2
4130 3
4131 6
4132 23
4133 10
4134 11
4135 13
4136 18
4137 2
4138 22
4139 13
4140 4
4141 7
4142 31
4143 2
4144 4
4145 5
4146 4
4147 27
4148 12
4149 3
4150 5
4151 7
4152 12
4153 4
4154 2
4155 4
4156 27
4157 7
4158 5
4159 26
4160 84
4161 41
4162 8
4163 19
4164 1
4165 11
4166 91
4167 15
4168 9
4169 9
4170 14
4171 2
4172 3
4173 2
4174 13
4175 3
4176 20
4177 1
4178 85
4179 6
4180 5
4181 22
4182 2
4183 11
4184 17
4185 10
4186 20
4187 12
4188 39
4189 30
4190 9
4191 86
4192 21
4193 11
4194 10
4195 22
4196 15
4197 1
4198 2
4199 5
4200 1
4201 17
4202 16
4203 43
4204 6
4205 4
4206 11
4207 15
4208 1
4209 12
4210 7
4211 15
4212 10
4213 4
4214 12
4215 11
4216 4
4217 18
4218 31
4219 1
4220 14
4221 12
4222 24
4223 6
4224 5
4225 38
4226 18
4227 23
4228 6
4229 1
4230 9
4231 7
4232 4
4233 14
4234 19
4235 23
4236 22
4237 7
4238 3
4239 15
4240 1
4241 42
4242 17
4243 18
4244 2
4245 16
4246 34
4247 8
4248 45
4249 1
4250 3
4251 18
4252 6
4253 45
4254 7
4255 13
4256 3
4257 27
4258 41
4259 14
4260 51
4261 10
4262 2
4263 18
4264 4
4265 1
4266 10
4267 22
4268 3
4269 44
4270 1
4271 22
4272 3
4273 33
4274 3
4275 1
4276 6
4277 8
4278 4
4279 7
4280 14
4281 2
4282 44
4283 47
4284 16
4285 25
4286 8
4287 1
4288 34
4289 39
4290 9
4291 46
4292 2
4293 67
4294 1
4295 7
4296 8
4297 8
4298 43
4299 5
4300 10
4301 10
4302 7
4303 1
4304 19
4305 9
4306 2
4307 2
4308 9
4309 4
4310 7
4311 1
4312 25
4313 6
4314 21
4315 2
4316 7
4317 17
4318 10
4319 3
4320 30
4321 17
4322 3
4323 10
4324 4
4325 17
4326 32
4327 26
4328 38
4329 13
4330 14
4331 4
4332 8
4333 22
4334 16
4335 1
4336 8
4337 43
4338 31
4339 13
4340 2
4341 16
4342 11
4343 18
4344 10
4345 1
4346 6
4347 16
4348 40
4349 17
4350 7
4351 23
4352 3
4353 4
4354 39
4355 69
4356 13
4357 16
4358 7
4359 10
4360 19
4361 28
4362 9
4363 39
4364 6
4365 12
4366 1
4367 56
4368 4
4369 42
4370 68
4371 2
4372 9
4373 49
4374 26
4375 8
4376 15
4377 20
4378 1
4379 22
4380 6
4381 22
4382 18
4383 6
4384 3
4385 28
4386 7
4387 18
4388 7
4389 6
4390 1
4391 1
4392 1
4393 6
4394 3
4395 14
4396 7
4397 2
4398 16
4399 5
4400 18
4401 10
4402 25
4403 11
4404 1
4405 14
4406 62
4407 15
4408 2
4409 14
4410 23
4411 24
4412 37
4413 2
4414 3
4415 5
4416 22
4417 12
4418 21
4419 22
4420 3
4421 3
4422 14
4423 47
4424 23
4425 3
4426 23
4427 36
4428 13
4429 22
4430 11
4431 10
4432 13
4433 5
4434 4
4435 17
4436 37
4437 21
4438 2
4439 19
4440 7
4441 8
4442 6
4443 11
4444 15
4445 8
4446 4
4447 44
4448 1
4449 43
4450 8
4451 40
4452 13
4453 26
4454 49
4455 27
4456 5
4457 13
4458 19
4459 20
4460 5
4461 25
4462 26
4463 5
4464 20
4465 2
4466 6
4467 17
4468 2
4469 13
4470 13
4471 7
4472 23
4473 3
4474 12
4475 5
4476 1
4477 21
4478 17
4479 1
4480 3
4481 4
4482 3
4483 13
4484 14
4485 47
4486 8
4487 1
4488 6
4489 44
4490 5
4491 15
4492 7
4493 2
4494 39
4495 11
4496 22
4497 11
4498 34
4499 5
4500 10
4501 32
4502 1
4503 1
4504 3
4505 14
4506 16
4507 1
4508 11
4509 37
4510 7
4511 90
4512 13
4513 6
4514 13
4515 7
4516 5
4517 17
4518 12
4519 13
4520 54
4521 22
4522 7
4523 31
4524 57
4525 8
4526 2
4527 7
4528 27
4529 35
4530 24
4531 1
4532 6
4533 9
4534 10
4535 4
4536 2
4537 2
4538 1
4539 3
4540 23
4541 3
4542 8
4543 18
4544 28
4545 25
4546 65
4547 30
4548 15
4549 14
4550 39
4551 7
4552 9
4553 2
4554 3
4555 11
4556 7
4557 15
4558 18
4559 14
4560 24
4561 3
4562 7
4563 19
4564 18
4565 32
4566 16
4567 18
4568 14
4569 27
4570 13
4571 8
4572 11
4573 16
4574 2
4575 3
4576 3
4577 4
4578 24
4579 4
4580 16
4581 46
4582 18
4583 2
4584 5
4585 11
4586 11
4587 20
4588 19
4589 3
4590 6
4591 16
4592 17
4593 6
4594 7
4595 12
4596 6
4597 32
4598 11
4599 52
4600 16
4601 11
4602 2
4603 20
4604 19
4605 36
4606 7
4607 7
4608 3
4609 13
4610 87
4611 29
4612 46
4613 22
4614 44
4615 9
4616 6
4617 9
4618 120
4619 18
4620 32
4621 35
4622 5
4623 7
4624 64
4625 12
4626 23
4627 2
4628 6
4629 8
4630 2
4631 4
4632 2
4633 11
4634 26
4635 9
4636 28
4637 1
4638 7
4639 12
4640 7
4641 50
4642 21
4643 10
4644 6
4645 7
4646 3
4647 5
4648 6
4649 8
4650 7
4651 4
4652 19
4653 4
4654 16
4655 1
4656 3
4657 2
4658 5
4659 1
4660 39
4661 28
4662 3
4663 18
4664 6
4665 9
4666 58
4667 9
4668 54
4669 12
4670 1
4671 9
4672 16
4673 6
4674 3
4675 8
4676 8
4677 2
4678 1
4679 5
4680 22
4681 5
4682 16
4683 5
4684 2
4685 19
4686 10
4687 4
4688 35
4689 46
4690 16
4691 11
4692 5
4693 86
4694 51
4695 2
4696 21
4697 5
4698 10
4699 18
4700 9
4701 9
4702 26
4703 3
4704 2
4705 21
4706 8
4707 13
4708 1
4709 6
4710 5
4711 41
4712 4
4713 15
4714 12
4715 1
4716 2
4717 3
4718 18
4719 4
4720 16
4721 1
4722 3
4723 33
4724 11
4725 10
4726 9
4727 29
4728 1
4729 2
4730 7
4731 2
4732 19
4733 3
4734 42
4735 6
4736 19
4737 36
4738 10
4739 15
4740 13
4741 4
4742 13
4743 3
4744 16
4745 5
4746 5
4747 34
4748 13
4749 22
4750 15
4751 12
4752 6
4753 47
4754 12
4755 8
4756 2
4757 18
4758 55
4759 3
4760 49
4761 9
4762 13
4763 8
4764 66
4765 12
4766 10
4767 10
4768 27
4769 5
4770 59
4771 37
4772 9
4773 6
4774 35
4775 5
4776 10
4777 3
4778 12
4779 3
4780 18
4781 24
4782 14
4783 6
4784 13
4785 45
4786 9
4787 33
4788 17
4789 29
4790 12
4791 9
4792 1
4793 59
4794 15
4795 10
4796 19
4797 15
4798 33
4799 21
4800 12
4801 12
4802 20
4803 13
4804 25
4805 32
4806 13
4807 24
4808 11
4809 14
4810 8
4811 30
4812 7
4813 5
4814 3
4815 3
4816 6
4817 14
4818 1
4819 16
4820 1
4821 6
4822 44
4823 5
4824 2
4825 14
4826 7
4827 9
4828 16
4829 16
4830 1
4831 3
4832 23
4833 10
4834 4
4835 19
4836 2
4837 22
4838 23
4839 15
4840 6
4841 5
4842 1
4843 3
4844 56
4845 2
4846 5
4847 2
4848 22
4849 2
4850 14
4851 24
4852 30
4853 4
4854 19
4855 25
4856 18
4857 10
4858 18
4859 1
4860 28
4861 22
4862 41
4863 25
4864 31
4865 22
4866 31
4867 3
4868 16
4869 24
4870 7
4871 11
4872 8
4873 30
4874 23
4875 35
4876 3
4877 1
4878 5
4879 2
4880 11
4881 15
4882 6
4883 1
4884 9
4885 9
4886 17
4887 3
4888 3
4889 32
4890 12
4891 19
4892 12
4893 5
4894 30
4895 44
4896 47
4897 13
4898 30
4899 16
4900 22
4901 16
4902 12
4903 10
4904 13
4905 10
4906 4
4907 16
4908 21
4909 20
4910 23
4911 4
4912 33
4913 10
4914 14
4915 11
4916 1
4917 41
4918 16
4919 7
4920 11
4921 25
4922 29
4923 5
4924 5
4925 4
4926 6
4927 15
4928 10
4929 23
4930 9
4931 7
4932 14
4933 7
4934 19
4935 18
4936 11
4937 25
4938 7
4939 20
4940 16
4941 28
4942 9
4943 4
4944 14
4945 48
4946 1
4947 22
4948 3
4949 14
4950 50
4951 14
4952 15
4953 10
4954 13
4955 18
4956 69
4957 19
4958 4
4959 23
4960 17
4961 22
4962 5
4963 6
4964 1
4965 14
4966 9
4967 2
4968 13
4969 8
4970 9
4971 3
4972 20
4973 1
4974 4
4975 30
4976 8
4977 4
4978 3
4979 6
4980 16
4981 19
4982 2
4983 10
4984 26
4985 55
4986 10
4987 9
4988 23
4989 5
4990 47
4991 16
4992 13
4993 31
4994 9
4995 36
4996 19
4997 5
4998 20
4999 32
5000 6
5001 6
5002 33
5003 12
5004 11
5005 11
5006 6
5007 3
5008 4
5009 10
5010 5
5011 1
5012 2
5013 35
5014 20
5015 10
5016 17
5017 2
5018 6
5019 2
5020 2
5021 2
5022 16
5023 7
5024 2
5025 27
5026 20
5027 6
5028 21
5029 32
5030 44
5031 9
5032 3
5033 2
5034 12
5035 5
5036 19
5037 25
5038 31
5039 8
5040 14
5041 41
5042 13
5043 9
5044 10
5045 10
5046 16
5047 1
5048 4
5049 6
5050 12
5051 4
5052 13
5053 4
5054 10
5055 25
5056 9
5057 15
5058 3
5059 3
5060 10
5061 10
5062 4
5063 2
5064 5
5065 22
5066 12
5067 27
5068 1
5069 8
5070 11
5071 6
5072 27
5073 20
5074 3
5075 7
5076 45
5077 3
5078 36
5079 14
5080 15
5081 20
5082 10
5083 6
5084 8
5085 23
5086 15
5087 4
5088 7
5089 67
5090 9
5091 13
5092 2
5093 4
5094 16
5095 10
5096 33
5097 13
5098 16
5099 18
5100 7
5101 2
5102 1
5103 8
5104 13
5105 19
5106 7
5107 17
5108 4
5109 33
5110 56
5111 7
5112 15
5113 13
5114 5
5115 5
5116 7
5117 7
5118 8
5119 54
5120 10
5121 82
5122 31
5123 1
5124 5
5125 2
5126 92
5127 6
5128 4
5129 28
5130 5
5131 38
5132 2
5133 9
5134 10
5135 1
5136 28
5137 18
5138 16
5139 4
5140 2
5141 3
5142 14
5143 13
5144 42
5145 20
5146 15
5147 5
5148 4
5149 21
5150 18
5151 2
5152 17
5153 10
5154 20
5155 18
5156 2
5157 35
5158 1
5159 14
5160 6
5161 4
5162 21
5163 4
5164 11
5165 5
5166 12
5167 2
5168 12
5169 3
5170 9
5171 7
5172 27
5173 110
5174 7
5175 28
5176 6
5177 13
5178 1
5179 13
5180 10
5181 7
5182 7
5183 20
5184 12
5185 7
5186 8
5187 25
5188 9
5189 2
5190 13
5191 5
5192 2
5193 1
5194 28
5195 38
5196 13
5197 109
5198 16
5199 11
5200 10
5201 4
5202 4
5203 6
5204 2
5205 29
5206 11
5207 21
5208 10
5209 7
5210 19
5211 3
5212 6
5213 30
5214 16
5215 1
5216 42
5217 13
5218 15
5219 12
5220 12
5221 20
5222 3
5223 18
5224 18
5225 19
5226 10
5227 5
5228 8
5229 3
5230 6
5231 2
5232 13
5233 14
5234 12
5235 4
5236 3
5237 9
5238 19
5239 36
5240 5
5241 24
5242 34
5243 15
5244 17
5245 2
5246 20
5247 23
5248 10
5249 10
5250 1
5251 13
5252 2
5253 7
5254 10
5255 7
5256 12
5257 5
5258 12
5259 1
5260 4
5261 36
5262 3
5263 12
5264 3
5265 7
5266 12
5267 28
5268 43
5269 4
5270 8
5271 1
5272 5
5273 46
5274 3
5275 49
5276 3
5277 39
5278 6
5279 2
5280 14
5281 83
5282 34
5283 24
5284 8
5285 11
5286 34
5287 4
5288 11
5289 4
5290 4
5291 31
5292 8
5293 2
5294 44
5295 41
5296 1
5297 21
5298 25
5299 34
5300 8
5301 4
5302 15
5303 2
5304 17
5305 4
5306 1
5307 9
5308 18
5309 11
5310 1
5311 53
5312 5
5313 30
5314 7
5315 19
5316 1
5317 100
5318 19
5319 17
5320 8
5321 53
5322 30
5323 22
5324 35
5325 41
5326 44
5327 23
5328 7
5329 14
5330 3
5331 14
5332 3
5333 12
5334 3
5335 9
5336 6
5337 1
5338 4
5339 15
5340 6
5341 11
5342 3
5343 1
5344 8
5345 34
5346 27
5347 1
5348 1
5349 8
5350 2
5351 7
5352 11
5353 47
5354 12
5355 4
5356 3
5357 2
5358 11
5359 5
5360 30
5361 1
5362 1
5363 6
5364 27
5365 16
5366 3
5367 3
5368 17
5369 27
5370 2
5371 73
5372 9
5373 16
5374 3
5375 1
5376 11
5377 64
5378 25
5379 3
5380 3
5381 19
5382 58
5383 36
5384 16
5385 17
5386 3
5387 30
5388 17
5389 11
5390 5
5391 19
5392 18
5393 13
5394 8
5395 21
5396 11
5397 1
5398 1
5399 5
5400 7
5401 13
5402 26
5403 21
5404 19
5405 1
5406 35
5407 17
5408 1
5409 19
5410 12
5411 4
5412 12
5413 27
5414 10
5415 24
5416 13
5417 20
5418 15
5419 16
5420 9
5421 17
5422 10
5423 12
5424 35
5425 4
5426 13
5427 14
5428 21
5429 13
5430 2
5431 37
5432 9
5433 22
5434 82
5435 6
5436 24
5437 43
5438 11
5439 10
5440 4
5441 9
5442 5
5443 22
5444 12
5445 7
5446 17
5447 1
5448 21
5449 8
5450 29
5451 4
5452 32
5453 1
5454 2
5455 12
5456 56
5457 30
5458 5
5459 3
5460 18
5461 7
5462 54
5463 2
5464 7
5465 39
5466 4
5467 10
5468 16
5469 5
5470 22
5471 12
5472 8
5473 7
5474 5
5475 22
5476 1
5477 35
5478 3
5479 2
5480 14
5481 19
5482 10
5483 6
5484 25
5485 48
5486 9
5487 4
5488 3
5489 12
5490 30
5491 42
5492 51
5493 1
5494 1
5495 30
5496 17
5497 23
5498 13
5499 1
5500 59
5501 51
5502 1
5503 3
5504 7
5505 16
5506 28
5507 30
5508 2
5509 44
5510 19
5511 1
5512 2
5513 13
5514 17
5515 8
5516 13
5517 17
5518 54
5519 8
5520 3
5521 12
5522 21
5523 10
5524 5
5525 3
5526 31
5527 35
5528 22
5529 1
5530 5
5531 8
5532 3
5533 2
5534 7
5535 13
5536 8
5537 15
5538 19
5539 24
5540 3
5541 18
5542 20
5543 6
5544 10
5545 5
5546 22
5547 3
5548 5
5549 12
5550 2
5551 1
5552 1
5553 38
5554 5
5555 5
5556 10
5557 15
5558 11
5559 9
5560 17
5561 19
5562 25
5563 1
5564 22
5565 39
5566 18
5567 28
5568 1
5569 9
5570 24
5571 43
5572 12
5573 1
5574 7
5575 16
5576 16
5577 12
5578 1
5579 30
5580 4
5581 24
5582 1
5583 2
5584 6
5585 3
5586 35
5587 19
5588 3
5589 25
5590 9
5591 8
5592 17
5593 6
5594 15
5595 10
5596 8
5597 4
5598 25
5599 12
5600 4
5601 7
5602 27
5603 15
5604 14
5605 1
5606 41
5607 7
5608 32
5609 11
5610 4
5611 12
5612 7
5613 1
5614 9
5615 71
5616 4
5617 6
5618 29
5619 30
5620 3
5621 29
5622 2
5623 1
5624 22
5625 4
5626 14
5627 11
5628 17
5629 69
5630 3
5631 9
5632 29
5633 39
5634 23
5635 4
5636 37
5637 19
5638 20
5639 12
5640 8
5641 11
5642 16
5643 32
5644 15
5645 6
5646 13
5647 16
5648 20
5649 5
5650 35
5651 7
5652 12
5653 63
5654 2
5655 2
5656 3
5657 34
5658 20
5659 2
5660 23
5661 22
5662 69
5663 19
5664 35
5665 24
5666 8
5667 2
5668 40
5669 5
5670 5
5671 1
5672 7
5673 3
5674 1
5675 12
5676 16
5677 8
5678 37
5679 29
5680 15
5681 3
5682 16
5683 19
5684 3
5685 24
5686 3
5687 2
5688 1
5689 32
5690 12
5691 43
5692 17
5693 14
5694 17
5695 72
5696 7
5697 3
5698 7
5699 8
5700 1
5701 19
5702 19
5703 35
5704 10
5705 9
5706 17
5707 4
5708 27
5709 7
5710 9
5711 7
5712 14
5713 20
5714 58
5715 12
5716 6
5717 2
5718 28
5719 47
5720 10
5721 54
5722 6
5723 7
5724 15
5725 6
5726 17
5727 3
5728 5
5729 13
5730 1
5731 31
5732 36
5733 44
5734 14
5735 6
5736 29
5737 7
5738 13
5739 2
5740 8
5741 7
5742 10
5743 4
5744 48
5745 20
5746 6
5747 36
5748 17
5749 3
5750 6
5751 4
5752 25
5753 2
5754 9
5755 1
5756 14
5757 6
5758 21
5759 9
5760 10
5761 62
5762 23
5763 31
5764 5
5765 11
5766 5
5767 14
5768 22
5769 12
5770 46
5771 4
5772 6
5773 21
5774 7
5775 15
5776 29
5777 12
5778 3
5779 11
5780 11
5781 35
5782 14
5783 8
5784 5
5785 4
5786 16
5787 2
5788 10
5789 19
5790 12
5791 8
5792 8
5793 5
5794 7
5795 1
5796 7
5797 12
5798 12
5799 8
5800 2
5801 6
5802 35
5803 14
5804 17
5805 4
5806 11
5807 17
5808 94
5809 2
5810 1
5811 21
5812 50
5813 20
5814 20
5815 32
5816 107
5817 5
5818 7
5819 21
5820 13
5821 7
5822 1
5823 15
5824 9
5825 9
5826 4
5827 7
5828 5
5829 16
5830 2
5831 25
5832 9
5833 12
5834 29
5835 3
5836 21
5837 7
5838 51
5839 2
5840 12
5841 33
5842 18
5843 10
5844 28
5845 3
5846 2
5847 13
5848 8
5849 6
5850 11
5851 5
5852 10
5853 16
5854 6
5855 12
5856 10
5857 7
5858 11
5859 66
5860 64
5861 12
5862 30
5863 12
5864 2
5865 4
5866 46
5867 1
5868 23
5869 2
5870 10
5871 5
5872 13
5873 9
5874 2
5875 5
5876 6
5877 8
5878 18
5879 38
5880 8
5881 6
5882 24
5883 18
5884 5
5885 20
5886 31
5887 40
5888 16
5889 20
5890 18
5891 11
5892 28
5893 29
5894 1
5895 12
5896 25
5897 49
5898 13
5899 4
5900 1
5901 14
5902 33
5903 4
5904 1
5905 5
5906 11
5907 43
5908 6
5909 33
5910 19
5911 15
5912 3
5913 3
5914 13
5915 13
5916 2
5917 4
5918 6
5919 7
5920 5
5921 2
5922 25
5923 10
5924 4
5925 17
5926 2
5927 2
5928 12
5929 66
5930 11
5931 36
5932 6
5933 22
5934 27
5935 29
5936 43
5937 18
5938 11
5939 18
5940 3
5941 1
5942 6
5943 15
5944 21
5945 3
5946 10
5947 3
5948 12
5949 29
5950 14
5951 9
5952 3
5953 3
5954 15
5955 4
5956 6
5957 1
5958 8
5959 10
5960 35
5961 14
5962 1
5963 42
5964 27
5965 24
5966 86
5967 9
5968 28
5969 38
5970 12
5971 58
5972 16
5973 1
5974 4
5975 19
5976 3
5977 6
5978 1
5979 44
5980 32
5981 17
5982 21
5983 1
5984 1
5985 18
5986 8
5987 24
5988 2
5989 4
5990 18
5991 7
5992 87
5993 13
5994 19
5995 21
5996 9
5997 14
5998 11
5999 18
6000 13
6001 6
6002 24
6003 6
6004 16
6005 44
6006 14
6007 35
6008 9
6009 3
6010 10
6011 18
6012 44
6013 53
6014 20
6015 21
6016 6
6017 20
6018 7
6019 3
6020 4
6021 5
6022 4
6023 17
6024 14
6025 14
6026 6
6027 27
6028 4
6029 11
6030 18
6031 4
6032 2
6033 4
6034 27
6035 16
6036 2
6037 42
6038 5
6039 4
6040 7
6041 17
6042 32
6043 6
6044 17
6045 47
6046 15
6047 7
6048 35
6049 30
6050 14
6051 1
6052 2
6053 3
6054 17
6055 13
6056 3
6057 20
6058 1
6059 11
6060 5
6061 14
6062 18
6063 10
6064 3
6065 4
6066 13
6067 3
6068 16
6069 11
6070 16
6071 7
6072 16
6073 1
6074 28
6075 29
6076 4
6077 12
6078 19
6079 21
6080 5
6081 1
6082 14
6083 17
6084 2
6085 19
6086 5
6087 10
6088 9
6089 1
6090 2
6091 3
6092 1
6093 6
6094 23
6095 9
6096 6
6097 3
6098 9
6099 3
6100 13
6101 21
6102 1
6103 8
6104 3
6105 12
6106 37
6107 12
6108 12
6109 4
6110 3
6111 2
6112 2
6113 4
6114 15
6115 33
6116 13
6117 18
6118 2
6119 15
6120 23
6121 4
6122 25
6123 53
6124 6
6125 43
6126 6
6127 7
6128 32
6129 10
6130 20
6131 6
6132 32
6133 7
6134 19
6135 10
6136 2
6137 7
6138 84
6139 3
6140 6
6141 10
6142 8
6143 6
6144 13
6145 18
6146 15
6147 3
6148 1
6149 10
6150 5
6151 25
6152 8
6153 1
6154 13
6155 4
6156 3
6157 8
6158 38
6159 4
6160 4
6161 17
6162 3
6163 28
6164 52
6165 83
6166 12
6167 9
6168 14
6169 20
6170 3
6171 16
6172 23
6173 27
6174 13
6175 38
6176 11
6177 5
6178 1
6179 1
6180 1
6181 37
6182 12
6183 20
6184 8
6185 1
6186 2
6187 8
6188 3
6189 23
6190 4
578594079
